123 48
51 144
113 288
57 480
79 720
76 1008
78 1344
90 1728
95 2160
98 2640
86 3168
87 3744
67 4368
121 5040
74 5760
107 6528
108 6544
115 5775
104 6543
99 6559
97 5054
120 5774
114 5789
100 4381
54 5053
65 5067
77 3756
89 4380
116 4393
73 3179
118 3755
80 3767
52 2650
117 3178
105 3189
84 2169
83 2649
81 2659
101 1736
66 2168
110 2177
88 1351
122 1735
111 1743
82 1014
55 1350
72 1357
85 725
50 1013
112 1019
70 484
53 724
71 729
75 291
109 483
56 487
68 146
119 290
125 293
69 49
106 145
102 147
