MK Version 3.0

25 25


























 7 1 1 1 7
 1 1 7 1 1
 1 3 1 2 1 2 1 3 1
 1 3 1 4 1 2 1 3 1
 1 3 1 1 1 1 1 3 1
 1 1 1 3 1 1
 7 1 1 1 1 1 7
 2 1
 1 3 1 3 1 1 4
 3 4 1 2 2 1
 3 8 7 1
 1 1 1 1 4 1 3
 1 1 2 1 1 1 2 1 2
 1 1 1 2 2 1 4 1
 3 1 6 2 1 1
 3 2 2 1 1 3
 3 1 1 2 1 7 1
 3 1 2 2 1
 7 1 2 1 1 5
 1 1 1 1 1 2 1
 1 3 1 1 3 9
 1 3 1 2 1 4 4
 1 3 1 1 1 1 2 1 3
 1 1 2 1 1 1 1
 7 2 1 2 1 1

 7 1 2 1 7
 1 1 3 1 1 1 1
 1 3 1 3 1 1 1 3 1
 1 3 1 8 1 3 1
 1 3 1 1 2 1 3 1
 1 1 4 1 1 1
 7 1 1 1 1 1 7
 2 1 1
 4 1 1 1 6 3 1
 5 1 1 1 3 1 2
 1 1 5 3 1 1 1
 1 1 1 2 2 1 2
 2 2 2 1 2 3 1 1
 3 1 1 3 2 1
 1 4 3 1 1
 1 2 5 4 2
 3 1 ? 2 8
 6 1 3 1
 7 2 1 2 1 2 2
 1 1 1 1 1 1
 1 3 1 3 1 5 1
 1 3 1 2 1 5 1
 1 3 1 1 7 1 4
 1 1 1 1 1 5
 7 2 1 1 2 4
