0
9
81
720
729
6327
54648
402561
408168
408807
408888
450162
450801
450882
456408
456480
456489
804321
852642
858240
858249
858960
858969
3204648
3252240
3252249
3252960
3252969
3258567
3600162
3600801
3600882
3606408
3606480
3606489
3654000
3654009
3654081
3654720
3654729
6000408
6000480
6000489
6006006
6006087
6006726
6054327
6402240
6402249
6402960
6402969
6408567
6450561
6456168
6456807
6456888
6804000
6804009
6804081
6804720
6804729
6852321
6858648
9204327
9252648
9258246
9258966
9600561
9606168
9606807
9606888
9654408
9654480
9654489
21204405
21204486
21252006
21252087
21252726
21258324
21600648
21606246
21606966
21654567
24000246
24000966
24006564
24054165
24054804
24054885
24402006
24402087
24402726
24408324
24450327
24456645
24804567
24852168
24852807
24852888
24858405
24858486
27204165
27204804
27204885
27252405
27252486
27258003
27258084
27258723
27600327
27606645
27654246
27654966
42000003
42000084
42000723
42006321
42054642
42402564
42408162
42408801
42408882
42450165
42450804
42450885
42456402
42456483
42804324
42852645
42858243
42858963
45204642
45252243
45252963
45258561
45600165
45600804
45600885
45606402
45606483
45654003
45654084
45654723
48000402
48000483
48006000
48006009
48006081
48006720
48006729
48054321
48402243
48402963
48408561
48450564
48456162
48456801
48456882
48804003
48804084
48804723
48852324
48858642
60000561
60006168
60006807
60006888
60054408
60054480
60054489
60402321
60408648
60450642
60456240
60456249
60456960
60456969
60804162
60804801
60804882
60852402
60852483
60858000
60858009
60858081
60858720
60858729
63204408
63204480
63204489
63252000
63252009
63252081
63252720
63252729
63258327
63600642
63606240
63606249
63606960
63606969
63654561
66000240
66000249
66000960
66000969
66006567
66054168
66054807
66054888
66402000
66402009
66402081
66402720
66402729
66408327
66450321
66456648
66804561
66852162
66852801
66852882
66858408
66858480
66858489
69204168
69204807
69204888
69252408
69252480
69252489
69258006
69258087
69258726
69600321
69606648
69654240
69654249
69654960
69654969
81204246
81204966
81252567
81258165
81258804
81258885
81600408
81600480
81600489
81606006
81606087
81606726
81654327
84000006
84000087
84000726
84006324
84054645
84402567
84408165
84408804
84408885
84450168
84450807
84450888
84456405
84456486
84804327
84852648
84858246
84858966
87204645
87252246
87252966
87258564
87600168
87600807
87600888
87606405
87606486
87654006
87654087
87654726
102000564
102006162
102006801
102006882
102054402
102054483
102402324
102408642
102450645
102456243
102456963
102804165
102804804
102804885
102852405
102852486
102858003
102858084
102858723
105204402
105204483
105252003
105252084
105252723
105258321
105600645
105606243
105606963
105654564
108000243
108000963
108006561
108054162
108054801
108054882
108402003
108402084
108402723
108408321
108450324
108456642
108804564
108852165
108852804
108852885
108858402
108858483
120000321
120006648
120054240
120054249
120054960
120054969
120402162
120402801
120402882
120408408
120408480
120408489
120450402
120450483
120456000
120456009
120456081
120456720
120456729
120804642
120852243
120852963
120858561
123204240
123204249
123204960
123204969
123252561
123258168
123258807
123258888
123600402
123600483
123606000
123606009
123606081
123606720
123606729
123654321
126000000
126000009
126000081
126000720
126000729
126006327
126054648
126402561
126408168
126408807
126408888
126450162
126450801
126450882
126456408
126456480
126456489
126804321
126852642
126858240
126858249
126858960
126858969
129204648
129252240
129252249
129252960
129252969
129258567
129600162
129600801
129600882
129606408
129606480
129606489
129654000
129654009
129654081
129654720
129654729
141204006
141204087
141204726
141252327
141258645
141600240
141600249
141600960
141600969
141606567
141654168
141654807
141654888
144000567
144006165
144006804
144006885
144054405
144054486
144402327
144408645
144450648
144456246
144456966
144804168
144804807
144804888
144852408
144852480
144852489
144858006
144858087
144858726
147204405
147204486
147252006
147252087
147252726
147258324
147600648
147606246
147606966
147654567
162000324
162006642
162054243
162054963
162402165
162402804
162402885
162408402
162408483
162450405
162450486
162456003
162456084
162456723
162804645
162852246
162852966
162858564
165204243
165204963
165252564
165258162
165258801
165258882
165600405
165600486
165606003
165606084
165606723
165654324
168000003
168000084
168000723
168006321
168054642
168402564
168408162
168408801
168408882
168450165
168450804
168450885
168456402
168456483
168804324
168852645
168858243
168858963
180000162
180000801
180000882
180006408
180006480
180006489
180054000
180054009
180054081
180054720
180054729
180402642
180408240
180408249
180408960
180408969
180450243
180450963
180456561
180804402
180804483
180852003
180852084
180852723
180858321
183204000
183204009
183204081
183204720
183204729
183252321
183258648
183600243
183600963
183606561
183654162
183654801
183654882
186000561
186006168
186006807
186006888
186054408
186054480
186054489
186402321
186408648
186450642
186456240
186456249
186456960
186456969
186804162
186804801
186804882
186852402
186852483
186858000
186858009
186858081
186858720
186858729
189204408
189204480
189204489
189252000
189252009
189252081
189252720
189252729
189258327
189600642
189606240
189606249
189606960
189606969
189654561
201204567
201252168
201252807
201252888
201258405
201258486
201600000
201600009
201600081
201600720
201600729
201606327
201654648
204000327
204006645
204054246
204054966
204402168
204402807
204402888
204408405
204408486
204450408
204450480
204450489
204456006
204456087
204456726
204804648
204852240
204852249
204852960
204852969
204858567
207204246
207204966
207252567
207258165
207258804
207258885
207600408
207600480
207600489
207606006
207606087
207606726
207654327
222000165
222000804
222000885
222006402
222006483
222054003
222054084
222054723
222402645
222408243
222408963
222450246
222450966
222456564
222804405
222804486
222852006
222852087
222852726
222858324
225204003
225204084
225204723
225252324
225258642
225600246
225600966
225606564
225654165
225654804
225654885
228000564
228006162
228006801
228006882
228054402
228054483
228402324
228408642
228450645
228456243
228456963
228804165
228804804
228804885
228852405
228852486
228858003
228858084
228858723
240000642
240006240
240006249
240006960
240006969
240054561
240402402
240402483
240408000
240408009
240408081
240408720
240408729
240450003
240450084
240450723
240456321
240804243
240804963
240852564
240858162
240858801
240858882
243204561
243252162
243252801
243252882
243258408
243258480
243258489
243600003
243600084
243600723
243606321
243654642
246000321
246006648
246054240
246054249
246054960
246054969
246402162
246402801
246402882
246408408
246408480
246408489
246450402
246450483
246456000
246456009
246456081
246456720
246456729
246804642
246852243
246852963
246858561
249204240
249204249
249204960
249204969
249252561
249258168
249258807
249258888
249600402
249600483
249606000
249606009
249606081
249606720
249606729
249654321
261204327
261252648
261258246
261258966
261600561
261606168
261606807
261606888
261654408
261654480
261654489
264000168
264000807
264000888
264006405
264006486
264054006
264054087
264054726
264402648
264408246
264408966
264450240
264450249
264450960
264450969
264456567
264804408
264804480
264804489
264852000
264852009
264852081
264852720
264852729
264858327
267204006
267204087
267204726
267252327
267258645
267600240
267600249
267600960
267600969
267606567
267654168
267654807
267654888
282000645
282006243
282006963
282054564
282402405
282402486
282408003
282408084
282408723
282450006
282450087
282450726
282456324
282804246
282804966
282852567
282858165
282858804
282858885
285204564
285252165
285252804
285252885
285258402
285258483
285600006
285600087
285600726
285606324
285654645
288000324
288006642
288054243
288054963
288402165
288402804
288402885
288408402
288408483
288450405
288450486
288456003
288456084
288456723
288804645
288852246
288852966
288858564
300000402
300000483
300006000
300006009
300006081
300006720
300006729
300054321
300402243
300402963
300408561
300450564
300456162
300456801
300456882
300804003
300804084
300804723
300852324
300858642
303204321
303252642
303258240
303258249
303258960
303258969
303600564
303606162
303606801
303606882
303654402
303654483
306000162
306000801
306000882
306006408
306006480
306006489
306054000
306054009
306054081
306054720
306054729
306402642
306408240
306408249
306408960
306408969
306450243
306450963
306456561
306804402
306804483
306852003
306852084
306852723
306858321
309204000
309204009
309204081
309204720
309204729
309252321
309258648
309600243
309600963
309606561
309654162
309654801
309654882
321204168
321204807
321204888
321252408
321252480
321252489
321258006
321258087
321258726
321600321
321606648
321654240
321654249
321654960
321654969
324000648
324006246
324006966
324054567
324402408
324402480
324402489
324408006
324408087
324408726
324450000
324450009
324450081
324450720
324450729
324456327
324804240
324804249
324804960
324804969
324852561
324858168
324858807
324858888
327204567
327252168
327252807
327252888
327258405
327258486
327600000
327600009
327600081
327600720
327600729
327606327
327654648
342000405
342000486
342006003
342006084
342006723
342054324
342402246
342402966
342408564
342450567
342456165
342456804
342456885
342804006
342804087
342804726
342852327
342858645
345204324
345252645
345258243
345258963
345600567
345606165
345606804
345606885
345654405
345654486
348000165
348000804
348000885
348006402
348006483
348054003
348054084
348054723
348402645
348408243
348408963
348450246
348450966
348456564
348804405
348804486
348852006
348852087
348852726
348858324
360000243
360000963
360006561
360054162
360054801
360054882
360402003
360402084
360402723
360408321
360450324
360456642
360804564
360852165
360852804
360852885
360858402
360858483
363204162
363204801
363204882
363252402
363252483
363258000
363258009
363258081
363258720
363258729
363600324
363606642
363654243
363654963
366000642
366006240
366006249
366006960
366006969
366054561
366402402
366402483
366408000
366408009
366408081
366408720
366408729
366450003
366450084
366450723
366456321
366804243
366804963
366852564
366858162
366858801
366858882
369204561
369252162
369252801
369252882
369258408
369258480
369258489
369600003
369600084
369600723
369606321
369654642
381204648
381252240
381252249
381252960
381252969
381258567
381600162
381600801
381600882
381606408
381606480
381606489
381654000
381654009
381654081
381654720
381654729
384000408
384000480
384000489
384006006
384006087
384006726
384054327
384402240
384402249
384402960
384402969
384408567
384450561
384456168
384456807
384456888
384804000
384804009
384804081
384804720
384804729
384852321
384858648
387204327
387252648
387258246
387258966
387600561
387606168
387606807
387606888
387654408
387654480
387654489
402000246
402000966
402006564
402054165
402054804
402054885
402402006
402402087
402402726
402408324
402450327
402456645
402804567
402852168
402852807
402852888
402858405
402858486
405204165
405204804
405204885
405252405
405252486
405258003
405258084
405258723
405600327
405606645
405654246
405654966
408000645
408006243
408006963
408054564
408402405
408402486
408408003
408408084
408408723
408450006
408450087
408450726
408456324
408804246
408804966
408852567
408858165
408858804
408858885
420000003
420000084
420000723
420006321
420054642
420402564
420408162
420408801
420408882
420450165
420450804
420450885
420456402
420456483
420804324
420852645
420858243
420858963
423204642
423252243
423252963
423258561
423600165
423600804
423600885
423606402
423606483
423654003
423654084
423654723
426000402
426000483
426006000
426006009
426006081
426006720
426006729
426054321
426402243
426402963
426408561
426450564
426456162
426456801
426456882
426804003
426804084
426804723
426852324
426858642
429204321
429252642
429258240
429258249
429258960
429258969
429600564
429606162
429606801
429606882
429654402
429654483
441204408
441204480
441204489
441252000
441252009
441252081
441252720
441252729
441258327
441600642
441606240
441606249
441606960
441606969
441654561
444000240
444000249
444000960
444000969
444006567
444054168
444054807
444054888
444402000
444402009
444402081
444402720
444402729
444408327
444450321
444456648
444804561
444852162
444852801
444852882
444858408
444858480
444858489
447204168
447204807
447204888
447252408
447252480
447252489
447258006
447258087
447258726
447600321
447606648
447654240
447654249
447654960
447654969
462000006
462000087
462000726
462006324
462054645
462402567
462408165
462408804
462408885
462450168
462450807
462450888
462456405
462456486
462804327
462852648
462858246
462858966
465204645
465252246
465252966
465258564
465600168
465600807
465600888
465606405
465606486
465654006
465654087
465654726
468000405
468000486
468006003
468006084
468006723
468054324
468402246
468402966
468408564
468450567
468456165
468456804
468456885
468804006
468804087
468804726
468852327
468858645
480000564
480006162
480006801
480006882
480054402
480054483
480402324
480408642
480450645
480456243
480456963
480804165
480804804
480804885
480852405
480852486
480858003
480858084
480858723
483204402
483204483
483252003
483252084
483252723
483258321
483600645
483606243
483606963
483654564
486000243
486000963
486006561
486054162
486054801
486054882
486402003
486402084
486402723
486408321
486450324
486456642
486804564
486852165
486852804
486852885
486858402
486858483
489204162
489204801
489204882
489252402
489252483
489258000
489258009
489258081
489258720
489258729
489600324
489606642
489654243
489654963
501204240
501204249
501204960
501204969
501252561
501258168
501258807
501258888
501600402
501600483
501606000
501606009
501606081
501606720
501606729
501654321
504000000
504000009
504000081
504000720
504000729
504006327
504054648
504402561
504408168
504408807
504408888
504450162
504450801
504450882
504456408
504456480
504456489
504804321
504852642
504858240
504858249
504858960
504858969
507204648
507252240
507252249
507252960
507252969
507258567
507600162
507600801
507600882
507606408
507606480
507606489
507654000
507654009
507654081
507654720
507654729
522000567
522006165
522006804
522006885
522054405
522054486
522402327
522408645
522450648
522456246
522456966
522804168
522804807
522804888
522852408
522852480
522852489
522858006
522858087
522858726
525204405
525204486
525252006
525252087
525252726
525258324
525600648
525606246
525606966
525654567
528000246
528000966
528006564
528054165
528054804
528054885
528402006
528402087
528402726
528408324
528450327
528456645
528804567
528852168
528852807
528852888
528858405
528858486
540000324
540006642
540054243
540054963
540402165
540402804
540402885
540408402
540408483
540450405
540450486
540456003
540456084
540456723
540804645
540852246
540852966
540858564
543204243
543204963
543252564
543258162
543258801
543258882
543600405
543600486
543606003
543606084
543606723
543654324
546000003
546000084
546000723
546006321
546054642
546402564
546408162
546408801
546408882
546450165
546450804
546450885
546456402
546456483
546804324
546852645
546858243
546858963
549204642
549252243
549252963
549258561
549600165
549600804
549600885
549606402
549606483
549654003
549654084
549654723
561204000
561204009
561204081
561204720
561204729
561252321
561258648
561600243
561600963
561606561
561654162
561654801
561654882
564000561
564006168
564006807
564006888
564054408
564054480
564054489
564402321
564408648
564450642
564456240
564456249
564456960
564456969
564804162
564804801
564804882
564852402
564852483
564858000
564858009
564858081
564858720
564858729
567204408
567204480
567204489
567252000
567252009
567252081
567252720
567252729
567258327
567600642
567606240
567606249
567606960
567606969
567654561
582000327
582006645
582054246
582054966
582402168
582402807
582402888
582408405
582408486
582450408
582450480
582450489
582456006
582456087
582456726
582804648
582852240
582852249
582852960
582852969
582858567
585204246
585204966
585252567
585258165
585258804
585258885
585600408
585600480
585600489
585606006
585606087
585606726
585654327
588000006
588000087
588000726
588006324
588054645
588402567
588408165
588408804
588408885
588450168
588450807
588450888
588456405
588456486
588804327
588852648
588858246
588858966
600000165
600000804
600000885
600006402
600006483
600054003
600054084
600054723
600402645
600408243
600408963
600450246
600450966
600456564
600804405
600804486
600852006
600852087
600852726
600858324
603204003
603204084
603204723
603252324
603258642
603600246
603600966
603606564
603654165
603654804
603654885
606000564
606006162
606006801
606006882
606054402
606054483
606402324
606408642
606450645
606456243
606456963
606804165
606804804
606804885
606852405
606852486
606858003
606858084
606858723
609204402
609204483
609252003
609252084
609252723
609258321
609600645
609606243
609606963
609654564
621204561
621252162
621252801
621252882
621258408
621258480
621258489
621600003
621600084
621600723
621606321
621654642
624000321
624006648
624054240
624054249
624054960
624054969
624402162
624402801
624402882
624408408
624408480
624408489
624450402
624450483
624456000
624456009
624456081
624456720
624456729
624804642
624852243
624852963
624858561
627204240
627204249
627204960
627204969
627252561
627258168
627258807
627258888
627600402
627600483
627606000
627606009
627606081
627606720
627606729
627654321
642000168
642000807
642000888
642006405
642006486
642054006
642054087
642054726
642402648
642408246
642408966
642450240
642450249
642450960
642450969
642456567
642804408
642804480
642804489
642852000
642852009
642852081
642852720
642852729
642858327
645204006
645204087
645204726
645252327
645258645
645600240
645600249
645600960
645600969
645606567
645654168
645654807
645654888
648000567
648006165
648006804
648006885
648054405
648054486
648402327
648408645
648450648
648456246
648456966
648804168
648804807
648804888
648852408
648852480
648852489
648858006
648858087
648858726
660000645
660006243
660006963
660054564
660402405
660402486
660408003
660408084
660408723
660450006
660450087
660450726
660456324
660804246
660804966
660852567
660858165
660858804
660858885
663204564
663252165
663252804
663252885
663258402
663258483
663600006
663600087
663600726
663606324
663654645
666000324
666006642
666054243
666054963
666402165
666402804
666402885
666408402
666408483
666450405
666450486
666456003
666456084
666456723
666804645
666852246
666852966
666858564
669204243
669204963
669252564
669258162
669258801
669258882
669600405
669600486
669606003
669606084
669606723
669654324
681204321
681252642
681258240
681258249
681258960
681258969
681600564
681606162
681606801
681606882
681654402
681654483
684000162
684000801
684000882
684006408
684006480
684006489
684054000
684054009
684054081
684054720
684054729
684402642
684408240
684408249
684408960
684408969
684450243
684450963
684456561
684804402
684804483
684852003
684852084
684852723
684858321
687204000
687204009
687204081
687204720
687204729
687252321
687258648
687600243
687600963
687606561
687654162
687654801
687654882
702000648
702006246
702006966
702054567
702402408
702402480
702402489
702408006
702408087
702408726
702450000
702450009
702450081
702450720
702450729
702456327
702804240
702804249
702804960
702804969
702852561
702858168
702858807
702858888
705204567
705252168
705252807
705252888
705258405
705258486
705600000
705600009
705600081
705600720
705600729
705606327
705654648
708000327
708006645
708054246
708054966
708402168
708402807
708402888
708408405
708408486
708450408
708450480
708450489
708456006
708456087
708456726
708804648
708852240
708852249
708852960
708852969
708858567
720000405
720000486
720006003
720006084
720006723
720054324
720402246
720402966
720408564
720450567
720456165
720456804
720456885
720804006
720804087
720804726
720852327
720858645
723204324
723252645
723258243
723258963
723600567
723606165
723606804
723606885
723654405
723654486
726000165
726000804
726000885
726006402
726006483
726054003
726054084
726054723
726402645
726408243
726408963
726450246
726450966
726456564
726804405
726804486
726852006
726852087
726852726
726858324
729204003
729204084
729204723
729252324
729258642
729600246
729600966
729606564
729654165
729654804
729654885
741204162
741204801
741204882
741252402
741252483
741258000
741258009
741258081
741258720
741258729
741600324
741606642
741654243
741654963
744000642
744006240
744006249
744006960
744006969
744054561
744402402
744402483
744408000
744408009
744408081
744408720
744408729
744450003
744450084
744450723
744456321
744804243
744804963
744852564
744858162
744858801
744858882
747204561
747252162
747252801
747252882
747258408
747258480
747258489
747600003
747600084
747600723
747606321
747654642
762000408
762000480
762000489
762006006
762006087
762006726
762054327
762402240
762402249
762402960
762402969
762408567
762450561
762456168
762456807
762456888
762804000
762804009
762804081
762804720
762804729
762852321
762858648
765204327
765252648
765258246
765258966
765600561
765606168
765606807
765606888
765654408
765654480
765654489
768000168
768000807
768000888
768006405
768006486
768054006
768054087
768054726
768402648
768408246
768408966
768450240
768450249
768450960
768450969
768456567
768804408
768804480
768804489
768852000
768852009
768852081
768852720
768852729
768858327
780000246
780000966
780006564
780054165
780054804
780054885
780402006
780402087
780402726
780408324
780450327
780456645
780804567
780852168
780852807
780852888
780858405
780858486
783204165
783204804
783204885
783252405
783252486
783258003
783258084
783258723
783600327
783606645
783654246
783654966
786000645
786006243
786006963
786054564
786402405
786402486
786408003
786408084
786408723
786450006
786450087
786450726
786456324
786804246
786804966
786852567
786858165
786858804
786858885
789204564
789252165
789252804
789252885
789258402
789258483
789600006
789600087
789600726
789606324
789654645
801204642
801252243
801252963
801258561
801600165
801600804
801600885
801606402
801606483
801654003
801654084
801654723
804000402
804000483
804006000
804006009
804006081
804006720
804006729
804054321
804402243
804402963
804408561
804450564
804456162
804456801
804456882
804804003
804804084
804804723
804852324
804858642
807204321
807252642
807258240
807258249
807258960
807258969
807600564
807606162
807606801
807606882
807654402
807654483
822000240
822000249
822000960
822000969
822006567
822054168
822054807
822054888
822402000
822402009
822402081
822402720
822402729
822408327
822450321
822456648
822804561
822852162
822852801
822852882
822858408
822858480
822858489
825204168
825204807
825204888
825252408
825252480
825252489
825258006
825258087
825258726
825600321
825606648
825654240
825654249
825654960
825654969
828000648
828006246
828006966
828054567
828402408
828402480
828402489
828408006
828408087
828408726
828450000
828450009
828450081
828450720
828450729
828456327
828804240
828804249
828804960
828804969
828852561
828858168
828858807
828858888
840000006
840000087
840000726
840006324
840054645
840402567
840408165
840408804
840408885
840450168
840450807
840450888
840456405
840456486
840804327
840852648
840858246
840858966
843204645
843252246
843252966
843258564
843600168
843600807
843600888
843606405
843606486
843654006
843654087
843654726
846000405
846000486
846006003
846006084
846006723
846054324
846402246
846402966
846408564
846450567
846456165
846456804
846456885
846804006
846804087
846804726
846852327
846858645
849204324
849252645
849258243
849258963
849600567
849606165
849606804
849606885
849654405
849654486
861204402
861204483
861252003
861252084
861252723
861258321
861600645
861606243
861606963
861654564
864000243
864000963
864006561
864054162
864054801
864054882
864402003
864402084
864402723
864408321
864450324
864456642
864804564
864852165
864852804
864852885
864858402
864858483
867204162
867204801
867204882
867252402
867252483
867258000
867258009
867258081
867258720
867258729
867600324
867606642
867654243
867654963
882000000
882000009
882000081
882000720
882000729
882006327
882054648
882402561
882408168
882408807
882408888
882450162
882450801
882450882
882456408
882456480
882456489
882804321
882852642
882858240
882858249
882858960
882858969
885204648
885252240
885252249
885252960
885252969
885258567
885600162
885600801
885600882
885606408
885606480
885606489
885654000
885654009
885654081
885654720
885654729
888000408
888000480
888000489
888006006
888006087
888006726
888054327
888402240
888402249
888402960
888402969
888408567
888450561
888456168
888456807
888456888
888804000
888804009
888804081
888804720
888804729
888852321
888858648
900000567
900006165
900006804
900006885
900054405
900054486
900402327
900408645
900450648
900456246
900456966
900804168
900804807
900804888
900852408
900852480
900852489
900858006
900858087
900858726
903204405
903204486
903252006
903252087
903252726
903258324
903600648
903606246
903606966
903654567
906000246
906000966
906006564
906054165
906054804
906054885
906402006
906402087
906402726
906408324
906450327
906456645
906804567
906852168
906852807
906852888
906858405
906858486
909204165
909204804
909204885
909252405
909252486
909258003
909258084
909258723
909600327
909606645
909654246
909654966
921204243
921204963
921252564
921258162
921258801
921258882
921600405
921600486
921606003
921606084
921606723
921654324
924000003
924000084
924000723
924006321
924054642
924402564
924408162
924408801
924408882
924450165
924450804
924450885
924456402
924456483
924804324
924852645
924858243
924858963
927204642
927252243
927252963
927258561
927600165
927600804
927600885
927606402
927606483
927654003
927654084
927654723
942000561
942006168
942006807
942006888
942054408
942054480
942054489
942402321
942408648
942450642
942456240
942456249
942456960
942456969
942804162
942804801
942804882
942852402
942852483
942858000
942858009
942858081
942858720
942858729
945204408
945204480
945204489
945252000
945252009
945252081
945252720
945252729
945258327
945600642
945606240
945606249
945606960
945606969
945654561
948000240
948000249
948000960
948000969
948006567
948054168
948054807
948054888
948402000
948402009
948402081
948402720
948402729
948408327
948450321
948456648
948804561
948852162
948852801
948852882
948858408
948858480
948858489
960000327
960006645
960054246
960054966
960402168
960402807
960402888
960408405
960408486
960450408
960450480
960450489
960456006
960456087
960456726
960804648
960852240
960852249
960852960
960852969
960858567
963204246
963204966
963252567
963258165
963258804
963258885
963600408
963600480
963600489
963606006
963606087
963606726
963654327
966000006
966000087
966000726
966006324
966054645
966402567
966408165
966408804
966408885
966450168
966450807
966450888
966456405
966456486
966804327
966852648
966858246
966858966
969204645
969252246
969252966
969258564
969600168
969600807
969600888
969606405
969606486
969654006
969654087
969654726
981204003
981204084
981204723
981252324
981258642
981600246
981600966
981606564
981654165
981654804
981654885
984000564
984006162
984006801
984006882
984054402
984054483
984402324
984408642
984450645
984456243
984456963
984804165
984804804
984804885
984852405
984852486
984858003
984858084
984858723
987204402
987204483
987252003
987252084
987252723
987258321
987600645
987606243
987606963
987654564
