3030379188 9091137564 3019381038 9058143114 
836710 1168270 847008 1178900 
3030269204 3030599156 3019271048 3019601018 
3030379188 9091137564 3019381038 9058143114 
3498567 4386999 3407596 4292771 
3476819 2131823 3476916 2131915 
3554006 3697856 3554154 3697856 
1690103 3030599186 1690204 3019601036 
3030186446 3030186466 3019157534 3019157548 
0 1100000 0 1100000 
3036570852 9109712556 3013188658 9039565974 
840374 1171830 843152 1174296 
3036460863 3036790830 3013078672 3013408630 
3036570852 9109712556 3013188658 9039565974 
3607203 4508296 3678278 4578150 
3477358 2132017 3477661 2132157 
3553865 3697856 3553819 3697856 
1690191 3036790850 1690038 3013408656 
3036550202 3036550215 3013188901 3013188917 
0 1100000 0 1100000 
3019737462 9059212386 3030023401 9090070203 
840536 1171560 849686 1181146 
3019627479 3019957428 3029913418 3030243367 
3019737462 9059212386 3030023401 9090070203 
3586710 4486983 3409907 4300165 
3477856 2132430 3477224 2131893 
3553908 3697856 3553888 3697856 
1690263 3019957460 1690533 3030243399 
3019395203 3019395226 3029791215 3029791238 
0 1100000 0 1100000 
3017399608 9052198824 3032360504 9097081512 
838314 1170142 836988 1168048 
3017289624 3017619576 3032250513 3032580486 
3017399608 9052198824 3032360504 9097081512 
3509653 4401808 3445128 4337774 
3477087 2131936 3477086 2131798 
3553968 3697856 3553806 3697856 
1690190 3017619606 1690097 3032580502 
3017149412 3017149430 3032325438 3032325449 
0 1100000 0 1100000 
3028593312 9085779936 3021167218 9063501654 
846054 1177270 841042 1172670 
3028483325 3028813286 3021057232 3021387190 
3028593312 9085779936 3021167218 9063501654 
3413851 4304903 3319591 4206420 
3476856 2131772 3477156 2131797 
3553564 3697856 3553890 3697856 
1689964 3028813310 1690161 3021387216 
3028630018 3028630032 3021004617 3021004632 
0 1100000 0 1100000